80 95 24 23 67 93 10 33
80 95 24 23 67 93 10 33
24 95 80 23 67 93 10 33
23 95 80 24 67 93 10 33
23 95 80 24 67 93 10 33
23 95 80 24 67 93 10 33
10 95 80 24 67 93 23 33
10 95 80 24 67 93 23 33
10 80 95 24 67 93 23 33
10 24 95 80 67 93 23 33
10 24 95 80 67 93 23 33
10 24 95 80 67 93 23 33
10 23 95 80 67 93 24 33
10 23 95 80 67 93 24 33
10 23 80 95 67 93 24 33
10 23 67 95 80 93 24 33
10 23 67 95 80 93 24 33
10 23 24 95 80 93 67 33
10 23 24 95 80 93 67 33
10 23 24 80 95 93 67 33
10 23 24 80 95 93 67 33
10 23 24 67 95 93 80 33
10 23 24 33 95 93 80 67
10 23 24 33 93 95 80 67
10 23 24 33 80 95 93 67
10 23 24 33 67 95 93 80
10 23 24 33 67 93 95 80
10 23 24 33 67 80 95 93
10 23 24 33 67 80 93 95
