55 44 29 83 76 77 41 52 67
44 55 29 83 76 77 41 52 67
29 55 44 83 76 77 41 52 67
29 55 44 83 76 77 41 52 67
29 55 44 83 76 77 41 52 67
29 55 44 83 76 77 41 52 67
29 55 44 83 76 77 41 52 67
29 55 44 83 76 77 41 52 67
29 55 44 83 76 77 41 52 67
29 44 55 83 76 77 41 52 67
29 44 55 83 76 77 41 52 67
29 44 55 83 76 77 41 52 67
29 44 55 83 76 77 41 52 67
29 41 55 83 76 77 44 52 67
29 41 55 83 76 77 44 52 67
29 41 55 83 76 77 44 52 67
29 41 55 83 76 77 44 52 67
29 41 55 83 76 77 44 52 67
29 41 55 83 76 77 44 52 67
29 41 44 83 76 77 55 52 67
29 41 44 83 76 77 55 52 67
29 41 44 83 76 77 55 52 67
29 41 44 76 83 77 55 52 67
29 41 44 76 83 77 55 52 67
29 41 44 55 83 77 76 52 67
29 41 44 52 83 77 76 55 67
29 41 44 52 83 77 76 55 67
29 41 44 52 77 83 76 55 67
29 41 44 52 76 83 77 55 67
29 41 44 52 55 83 77 76 67
29 41 44 52 55 83 77 76 67
29 41 44 52 55 77 83 76 67
29 41 44 52 55 76 83 77 67
29 41 44 52 55 67 83 77 76
29 41 44 52 55 67 77 83 76
29 41 44 52 55 67 76 83 77
29 41 44 52 55 67 76 77 83
